1.000000	0.000000	0.000000	0.000000	1.000000	0.000000	0.000000	0.000000	1.000000
0.997985	0.009048	0.062813	-0.062636	-0.018640	0.997864	0.010200	-0.999786	-0.018036
0.998113	0.005433	0.061137	-0.060990	-0.024069	0.997847	0.006893	-0.999694	-0.023692
0.998296	0.001864	0.058334	-0.058254	-0.029201	0.997875	0.003564	-0.999572	-0.029042
0.998513	-0.001576	0.054469	-0.054491	-0.033892	0.997938	0.000273	-0.999423	-0.033927
0.998756	-0.004804	0.049634	-0.049781	-0.038008	0.998037	-0.002908	-0.999266	-0.038200
0.999003	-0.007749	0.043945	-0.044230	-0.041421	0.998162	-0.005914	-0.999111	-0.041722
0.999242	-0.010353	0.037531	-0.037952	-0.044021	0.998310	-0.008683	-0.998977	-0.044380
0.999453	-0.012567	0.030549	-0.031094	-0.045708	0.998469	-0.011151	-0.998874	-0.046074
0.999629	-0.014360	0.023161	-0.023805	-0.046409	0.998640	-0.013266	-0.998820	-0.046734
0.999756	-0.015712	0.015542	-0.016251	-0.046062	0.998807	-0.014978	-0.998815	-0.046306
0.999831	-0.016617	0.007871	-0.008606	-0.044639	0.998966	-0.016248	-0.998865	-0.044775
0.999854	-0.017081	0.000329	-0.001048	-0.042124	0.999112	-0.017052	-0.998966	-0.042136
0.999829	-0.017124	-0.006911	0.006247	-0.038539	0.999237	-0.017378	-0.999110	-0.038425
0.999766	-0.016776	-0.013676	0.013101	-0.033922	0.999339	-0.017229	-0.999284	-0.033695
0.999674	-0.016078	-0.019811	0.019350	-0.028343	0.999411	-0.016630	-0.999469	-0.028023
0.999568	-0.015076	-0.025183	0.024849	-0.021895	0.999450	-0.015619	-0.999645	-0.021511
0.999464	-0.013824	-0.029665	0.029462	-0.014694	0.999458	-0.014252	-0.999796	-0.014279
0.999373	-0.012382	-0.033167	0.033084	-0.006878	0.999429	-0.012603	-0.999900	-0.006464
0.999307	-0.010813	-0.035619	0.035636	0.001406	0.999364	-0.010756	-0.999940	0.001790
0.999274	-0.009179	-0.036978	0.037070	0.009984	0.999263	-0.008803	-0.999909	0.010317
0.999279	-0.007549	-0.037229	0.037365	0.018690	0.999127	-0.006847	-0.999797	0.018959
0.999320	-0.005986	-0.036390	0.036541	0.027348	0.998958	-0.004985	-0.999608	0.027548
0.999394	-0.004558	-0.034506	0.034647	0.035782	0.998759	-0.003317	-0.999349	0.035919
0.999494	-0.003318	-0.031647	0.031762	0.043831	0.998534	-0.001926	-0.999034	0.043914
0.999608	-0.002329	-0.027916	0.027998	0.051340	0.998289	-0.000892	-0.998679	0.051385
0.999724	-0.001633	-0.023434	0.023489	0.058168	0.998031	-0.000267	-0.998306	0.058190
0.999831	-0.001272	-0.018344	0.018388	0.064200	0.997768	-0.000091	-0.997936	0.064212
0.999917	-0.001271	-0.012804	0.012862	0.069337	0.997510	-0.000380	-0.997593	0.069348
0.999974	-0.001647	-0.006990	0.007092	0.073508	0.997269	-0.001129	-0.997293	0.073518
0.999996	-0.002398	-0.001073	0.001253	0.076656	0.997056	-0.002308	-0.997054	0.076659
0.999983	-0.003507	0.004765	-0.004474	0.078757	0.996884	-0.003872	-0.996888	0.078740
0.999934	-0.004938	0.010352	-0.009925	0.079802	0.996761	-0.005748	-0.996799	0.079747
0.999858	-0.006640	0.015528	-0.014949	0.079806	0.996699	-0.007858	-0.996789	0.079695
0.999761	-0.008544	0.020144	-0.019409	0.078798	0.996702	-0.010103	-0.996855	0.078614
0.999654	-0.010565	0.024074	-0.023193	0.076829	0.996774	-0.012380	-0.996988	0.076557
0.999551	-0.012608	0.027217	-0.026212	0.073958	0.996918	-0.014582	-0.997183	0.073594
0.999459	-0.014570	0.029503	-0.028410	0.070256	0.997125	-0.016601	-0.997423	0.069804
0.999389	-0.016337	0.030888	-0.029751	0.065805	0.997389	-0.018327	-0.997699	0.065279
0.999349	-0.017803	0.031359	-0.030226	0.060691	0.997698	-0.019665	-0.997997	0.060113
0.999342	-0.018863	0.030937	-0.029858	0.055002	0.998039	-0.020527	-0.998307	0.054402
0.999371	-0.019420	0.029671	-0.028693	0.048830	0.998395	-0.020838	-0.998618	0.048243
0.999430	-0.019395	0.027633	-0.026794	0.042264	0.998747	-0.020539	-0.998918	0.041721
0.999514	-0.018723	0.024922	-0.024248	0.035393	0.999079	-0.019588	-0.999198	0.034922
0.999614	-0.017363	0.021654	-0.021157	0.028297	0.999375	-0.017965	-0.999448	0.027919
0.999722	-0.015296	0.017958	-0.017634	0.021054	0.999623	-0.015668	-0.999662	0.020779
0.999823	-0.012533	0.013967	-0.013795	0.013731	0.999810	-0.012723	-0.999827	0.013556
0.999909	-0.009103	0.009825	-0.009767	0.006389	0.999931	-0.009165	-0.999937	0.006299
0.999971	-0.005064	0.005664	-0.005669	-0.000918	0.999983	-0.005059	-0.999986	-0.000946
0.999998	-0.000497	0.001612	-0.001616	-0.008147	0.999965	-0.000484	-0.999966	-0.008148
0.999988	0.004497	-0.002220	0.002288	-0.015262	0.999881	0.004463	-0.999874	-0.015272
0.999937	0.009802	-0.005729	0.005946	-0.022230	0.999736	0.009673	-0.999706	-0.022286
0.999844	0.015289	-0.008839	0.009280	-0.029027	0.999536	0.015025	-0.999462	-0.029165
0.999718	0.020820	-0.011493	0.012230	-0.035629	0.999291	0.020395	-0.999149	-0.035874
0.999561	0.026251	-0.013655	0.014750	-0.042017	0.999007	0.025651	-0.998771	-0.042386
0.999389	0.031442	-0.015316	0.016821	-0.048167	0.998699	0.030663	-0.998345	-0.048666
0.999206	0.036260	-0.016482	0.018429	-0.054054	0.998367	0.035310	-0.997878	-0.054679
0.999028	0.040578	-0.017183	0.019589	-0.059649	0.998027	0.039473	-0.997394	-0.060386
0.998866	0.044285	-0.017467	0.020324	-0.064921	0.997683	0.043048	-0.996907	-0.065747
0.998730	0.047288	-0.017395	0.020677	-0.069831	0.997344	0.045948	-0.996437	-0.070720
0.998627	0.049516	-0.017038	0.020696	-0.074334	0.997018	0.048102	-0.996002	-0.075257
0.998567	0.050911	-0.016474	0.020440	-0.078387	0.996713	0.049452	-0.995621	-0.079316
0.998551	0.051446	-0.015787	0.019975	-0.081938	0.996437	0.049969	-0.995308	-0.082847
0.998579	0.051111	-0.015057	0.019369	-0.084938	0.996197	0.049637	-0.995074	-0.085807
0.998651	0.049923	-0.014361	0.018689	-0.087336	0.996004	0.048469	-0.994928	-0.088151
0.998756	0.047918	-0.013768	0.018002	-0.089085	0.995861	0.046493	-0.994871	-0.089837
0.998891	0.045149	-0.013339	0.017372	-0.090144	0.995777	0.043756	-0.994905	-0.090828
0.999045	0.041690	-0.013117	0.016849	-0.090479	0.995756	0.040326	-0.995026	-0.091095
0.999206	0.037628	-0.013134	0.016480	-0.090060	0.995801	0.036287	-0.995226	-0.090608
0.999364	0.033060	-0.013411	0.016304	-0.088871	0.995910	0.031733	-0.995495	-0.089354
0.999507	0.028093	-0.013952	0.016347	-0.086907	0.996082	0.026770	-0.995820	-0.087323
0.999630	0.022841	-0.014745	0.016620	-0.084174	0.996312	0.021516	-0.996189	-0.084523
0.999725	0.017421	-0.015769	0.017125	-0.080690	0.996593	0.016089	-0.996588	-0.080966
0.999785	0.011946	-0.016987	0.017852	-0.076485	0.996912	0.010610	-0.997000	-0.076681
0.999811	0.006533	-0.018361	0.018782	-0.071599	0.997258	0.005200	-0.997413	-0.071709
0.999803	0.001289	-0.019836	0.019877	-0.066087	0.997617	-0.000025	-0.997814	-0.066100
0.999765	-0.003681	-0.021359	0.021100	-0.060012	0.997975	-0.004955	-0.998191	-0.059920
0.999704	-0.008284	-0.022875	0.022400	-0.053446	0.998319	-0.009493	-0.998536	-0.053245
0.999627	-0.012432	-0.024323	0.023721	-0.046469	0.998638	-0.013546	-0.998842	-0.046157
0.999543	-0.016055	-0.025648	0.025003	-0.039168	0.998921	-0.017042	-0.999105	-0.038749
0.999459	-0.019085	-0.026795	0.026182	-0.031637	0.999156	-0.019917	-0.999317	-0.031121
0.999385	-0.021472	-0.027716	0.027200	-0.023969	0.999342	-0.022122	-0.999482	-0.023371
0.999330	-0.023180	-0.028368	0.027994	-0.016268	0.999477	-0.023629	-0.999600	-0.015608
0.999296	-0.024182	-0.028708	0.028506	-0.008629	0.999557	-0.024419	-0.999671	-0.007934
0.999289	-0.024467	-0.028710	0.028691	-0.001152	0.999588	-0.024490	-0.999700	-0.000449
0.999309	-0.024034	-0.028348	0.028502	0.006065	0.999575	-0.023852	-0.999693	0.006746
0.999357	-0.022899	-0.027604	0.027905	0.012929	0.999527	-0.022531	-0.999654	0.013560
0.999427	-0.021086	-0.026465	0.026874	0.019352	0.999452	-0.020563	-0.999590	0.019908
0.999515	-0.018638	-0.024930	0.025397	0.025250	0.999358	-0.017997	-0.999507	0.025711
0.999614	-0.015603	-0.023000	0.023469	0.030550	0.999258	-0.014889	-0.999411	0.030904
0.999714	-0.012043	-0.020684	0.021096	0.035183	0.999158	-0.011306	-0.999309	0.035427
0.999806	-0.008029	-0.018000	0.018300	0.039089	0.999069	-0.007318	-0.999204	0.039228
0.999882	-0.003640	-0.014965	0.015105	0.042224	0.998994	-0.003005	-0.999102	0.042274
0.999933	0.001034	-0.011608	0.011551	0.044548	0.998941	0.001550	-0.999007	0.044533
0.999951	0.005898	-0.007965	0.007686	0.046038	0.998911	0.006258	-0.998923	0.045990
0.999933	0.010859	-0.004076	0.003565	0.046678	0.998904	0.011038	-0.998851	0.046636
0.999875	0.015811	0.000016	-0.000751	0.046470	0.998919	0.015793	-0.998794	0.046476
0.999779	0.020652	0.004257	-0.005192	0.045421	0.998956	0.020437	-0.998756	0.045518
0.999643	0.025284	0.008589	-0.009685	0.043559	0.999004	0.024885	-0.998731	0.043788
0.999478	0.029607	0.012950	-0.014157	0.040918	0.999063	0.029049	-0.998724	0.041316
0.999288	0.033529	0.017270	-0.018527	0.037548	0.999122	0.032851	-0.998731	0.038142
